0.960400
0.937456
0.918429
0.904630
0.889027
0.868931
0.850832
0.838649
0.826631
0.809724
0.792685
0.781467
0.772439
0.758932
0.743267
0.732543
0.725793
0.715710
0.701835
0.691368
0.686139
0.679288
0.667639
0.657427
0.653012
0.648986
0.639930
0.630189
0.626007
0.624229
0.617986
0.609095
0.604758
0.604538
0.601131
0.593554
0.588904
0.589525
0.588756
0.582956
0.578071
0.578876
0.580335
0.576691
0.571852
0.572323
0.575436
0.574163
0.569801
0.569620
0.573714
0.574821
0.571435
0.570516
0.574905
0.578178
0.576247
0.574734
0.578805
0.583824
0.583723
0.581954
0.585246
0.591435
0.593365
0.591812
0.594071
0.600767
0.604718
0.603903
0.605106
0.611651
0.617386
0.617793
0.618144
0.623966
0.631049
0.633043
0.632928
0.637620
0.645468
0.649231
0.649154
0.652520
0.660482
0.665974
0.666472
0.668550
0.675992
0.682952
0.684509
0.685553
0.691945
0.699919
0.702881
0.703321
0.708305
0.716704
0.721228
0.721593
0.725029
0.733212
0.739229
0.740065
0.742047
0.749405
0.756625
0.758407
0.759239
0.765280
0.773231
0.776287
0.776433
0.780850
0.788937
0.793393
0.793404
0.796112
0.803704
0.809457
0.809883
0.811028
0.817542
0.824276
0.825580
0.825510
0.830496
0.837719
0.840203
0.839416
0.842614
0.849729
0.853486
0.852548
0.853928
0.860314
0.865210
0.864669
0.864426
0.869530
0.875219
0.875523
0.874048
0.877459
0.883433
0.884856
0.882674
0.884182
0.889841
0.892442
0.890132
0.889758
0.894496
0.898107
0.896213
0.894201
0.897493
0.901742
0.900690
0.897470
0.898948
0.903311
0.903344
0.899466
0.898971
0.902847
0.903991
0.900041
0.897643
0.900443
0.902496
0.899008
0.894999
0.896230
0.898793
0.896172
0.891017
0.890353
0.892888
0.891346
0.885615
0.882947
0.884857
0.884382
0.878664
0.874114
0.874828
0.875184
0.870003
0.863906
0.862963
0.863728
0.859462
0.852314
0.849435
0.850059
0.846887
0.839275
0.834400
0.834290
0.832161
0.824676
0.817975
0.816582
0.815229
0.808378
0.800227
0.797125
0.796103
0.790236
0.781160
0.776115
0.774865
0.770124
0.760724
0.753725
0.751660
0.747959
0.738822
0.730087
0.726681
0.723720
0.715334
0.705276
0.700142
0.697453
0.690137
0.679308
0.672256
0.669275
0.663133
0.652143
0.643210
0.639359
0.634269
0.623696
0.613146
0.607924
0.603554
0.593865
0.582146
0.575204
0.571066
0.562546
0.550233
0.541426
0.536950
0.529666
0.517372
0.506787
0.501408
0.495197
0.483492
0.471433
0.464677
0.459179
0.448501
0.435450
0.427007
0.421715
0.412314
0.398863
0.388634
0.382976
0.374879
0.361644
0.349760
0.343185
0.336192
0.323724
0.310532
0.302594
0.296315
0.285025
0.271036
0.261463
0.255375
0.245476
0.231294
0.220034
0.213564
0.205040
0.191277
0.178507
0.171119
0.163734
0.150924
0.137025
0.128305
0.121639
0.110160
0.095670
0.085385
0.078901
0.068926
0.054458
0.042600
0.035727
0.027197
0.013357
0.000145
-0.007636
-0.014993
-0.027695
-0.041844
-0.050917
-0.057550
-0.068770
-0.083298
-0.093854
-0.100311
-0.109922
-0.124209
-0.136212
-0.143062
-0.151162
-0.164615
-0.177807
-0.185549
-0.192449
-0.204585
-0.218517
-0.227503
-0.233676
-0.244189
-0.258287
-0.268667
-0.274674
-0.283479
-0.297121
-0.308819
-0.315222
-0.322462
-0.335070
-0.347788
-0.355065
-0.361088
-0.372211
-0.385472
-0.393943
-0.399245
-0.408617
-0.421833
-0.431608
-0.436759
-0.444340
-0.456895
-0.467855
-0.473410
-0.479387
-0.490721
-0.502535
-0.508949
-0.513704
-0.523399
-0.535565
-0.543125
-0.547178
-0.555012
-0.566932
-0.575708
-0.579635
-0.585614
-0.596679
-0.606512
-0.610859
-0.615213
-0.624888
-0.635413
-0.640612
-0.643758
-0.651660
-0.662356
-0.668657
-0.671135
-0.677088
-0.687351
-0.694785
-0.697176
-0.701233
-0.710465
-0.718837
-0.721674
-0.724108
-0.731801
-0.740714
-0.744405
-0.745664
-0.751475
-0.760392
-0.765150
-0.765795
-0.769594
-0.777907
-0.783727
-0.784339
-0.786226
-0.793353
-0.800001
-0.801101
-0.801391
-0.806855
-0.813908
-0.815874
-0.815047
-0.818547
-0.825452
-0.828463
-0.827094
-0.828548
-0.834700
-0.838711
-0.837383
-0.836937
-0.841773
-0.846517
-0.845732
-0.843741
-0.846817
-0.851846
-0.851954
-0.848929
-0.849987
-0.854735
-0.855880
-0.852407
-0.851413
-0.855283
-0.857381
-0.854039
-0.851187
-0.853636
-0.856387
-0.853661
-0.849345
-0.849966
-0.852898
-0.851108
-0.845863
-0.844442
-0.846983
-0.846234
-0.840659
-0.837211
-0.838772
-0.838943
-0.833609
-0.828375
-0.828437
-0.829197
-0.824568
-0.817977
-0.816171
-0.817028
-0.813391
-0.806002
-0.802162
-0.802539
-0.799962
-0.792380
-0.786568
-0.785887
-0.784211
-0.776999
-0.769500
-0.767270
-0.766135
-0.759732
-0.751010
-0.746902
-0.745798
-0.740456
-0.731090
-0.724983
-0.723331
-0.719082
-0.709679
-0.701685
-0.698921
-0.695568
-0.686680
-0.677124
-0.672788
-0.669942
-0.661980
-0.651359
-0.645161
-0.642297
-0.635479
-0.624388
-0.616255
-0.612795
-0.607111
-0.596158
-0.586247
-0.581644
-0.576863
-0.566582
-0.555260
-0.549084
-0.544790
-0.535563
-0.523356
-0.515359
-0.511014
-0.503021
-0.490535
-0.480692
-0.475719
-0.468911
-0.456751
-0.445264
0.960400
0.937456
0.918429
0.904630
0.889027
0.868931
0.850832
0.838649
0.826631
0.809724
0.792685
0.781467
0.772439
0.758932
0.743267
0.732543
0.725793
0.715710
0.701835
0.691368
0.686139
0.679288
0.667639
0.657427
0.653012
0.648986
0.639930
0.630189
0.626007
0.624229
0.617986
0.609095
0.604758
0.604538
0.601131
0.593554
0.588904
0.589525
0.588756
0.582956
0.578071
0.578876
0.580335
0.576691
0.571852
0.572323
0.575436
0.574163
0.569801
0.569620
0.573714
0.574821
0.571435
0.570516
0.574905
0.578178
0.576247
0.574734
0.578805
0.583824
0.583723
0.581954
0.585246
0.591435
0.593365
0.591812
0.594071
0.600767
0.604718
0.603903
0.605106
0.611651
0.617386
0.617793
0.618144
0.623966
0.631049
0.633043
0.632928
0.637620
0.645468
0.649231
0.649154
0.652520
0.660482
0.665974
0.666472
0.668550
0.675992
0.682952
0.684509
0.685553
0.691945
0.699919
0.702881
0.703321
0.708305
0.716704
0.721228
0.721593
0.725029
0.733212
0.739229
0.740065
0.742047
0.749405
0.756625
0.758407
0.759239
0.765280
0.773231
0.776287
0.776433
0.780850
0.788937
0.793393
0.793404
0.796112
0.803704
0.809457
0.809883
0.811028
0.817542
0.824276
0.825580
0.825510
0.830496
0.837719
0.840203
0.839416
0.842614
0.849729
0.853486
0.852548
0.853928
0.860314
0.865210
0.864669
0.864426
0.869530
0.875219
0.875523
0.874048
0.877459
0.883433
0.884856
0.882674
0.884182
0.889841
0.892442
0.890132
0.889758
0.894496
0.898107
0.896213
0.894201
0.897493
0.901742
0.900690
0.897470
0.898948
0.903311
0.903344
0.899466
0.898971
0.902847
0.903991
0.900041
0.897643
0.900443
0.902496
0.899008
0.894999
0.896230
0.898793
0.896172
0.891017
0.890353
0.892888
0.891346
0.885615
0.882947
0.884857
0.884382
0.878664
0.874114
0.874828
0.875184
0.870003
0.863906
0.862963
0.863728
0.859462
0.852314
0.849435
0.850059
0.846887
0.839275
0.834400
0.834290
0.832161
0.824676
0.817975
0.816582
0.815229
0.808378
0.800227
0.797125
0.796103
0.790236
0.781160
0.776115
0.774865
0.770124
0.760724
0.753725
0.751660
0.747959
0.738822
0.730087
0.726681
0.723720
0.715334
0.705276
0.700142
0.697453
0.690137
0.679308
0.672256
0.669275
0.663133
0.652143
0.643210
0.639359
0.634269
0.623696
0.613146
0.607924
0.603554
0.593865
0.582146
0.575204
0.571066
0.562546
0.550233
0.541426
0.536950
0.529666
0.517372
0.506787
0.501408
0.495197
0.483492
0.471433
0.464677
0.459179
0.448501
0.435450
0.427007
0.421715
0.412314
0.398863
0.388634
0.382976
0.374879
0.361644
0.349760
0.343185
0.336192
0.323724
0.310532
0.302594
0.296315
0.285025
0.271036
0.261463
0.255375
0.245476
0.231294
0.220034
0.213564
0.205040
0.191277
0.178507
0.171119
0.163734
0.150924
0.137025
0.128305
0.121639
0.110160
0.095670
0.085385
0.078901
0.068926
0.054458
0.042600
0.035727
0.027197
0.013357
0.000145
-0.007636
-0.014993
-0.027695
-0.041844
-0.050917
-0.057550
-0.068770
-0.083298
-0.093854
-0.100311
-0.109922
-0.124209
-0.136212
-0.143062
-0.151162
-0.164615
-0.177807
-0.185549
-0.192449
-0.204585
-0.218517
-0.227503
-0.233676
-0.244189
-0.258287
-0.268667
-0.274674
-0.283479
-0.297121
-0.308819
-0.315222
-0.322462
-0.335070
-0.347788
-0.355065
-0.361088
-0.372211
-0.385472
-0.393943
-0.399245
-0.408617
-0.421833
-0.431608
-0.436759
-0.444340
-0.456895
-0.467855
-0.473410
-0.479387
-0.490721
-0.502535
-0.508949
-0.513704
-0.523399
-0.535565
-0.543125
-0.547178
-0.555012
-0.566932
-0.575708
-0.579635
-0.585614
-0.596679
-0.606512
-0.610859
-0.615213
-0.624888
-0.635413
-0.640612
-0.643758
-0.651660
-0.662356
-0.668657
-0.671135
-0.677088
-0.687351
-0.694785
-0.697176
-0.701233
-0.710465
-0.718837
-0.721674
-0.724108
-0.731801
-0.740714
-0.744405
-0.745664
-0.751475
-0.760392
-0.765150
-0.765795
-0.769594
-0.777907
-0.783727
-0.784339
-0.786226
-0.793353
-0.800001
-0.801101
-0.801391
-0.806855
-0.813908
-0.815874
-0.815047
-0.818547
-0.825452
-0.828463
-0.827094
-0.828548
-0.834700
-0.838711
-0.837383
-0.836937
-0.841773
-0.846517
-0.845732
-0.843741
-0.846817
-0.851846
-0.851954
-0.848929
-0.849987
-0.854735
-0.855880
-0.852407
-0.851413
-0.855283
-0.857381
-0.854039
-0.851187
-0.853636
-0.856387
-0.853661
-0.849345
-0.849966
-0.852898
-0.851108
-0.845863
-0.844442
-0.846983
-0.846234
-0.840659
-0.837211
-0.838772
-0.838943
-0.833609
-0.828375
-0.828437
-0.829197
-0.824568
-0.817977
-0.816171
-0.817028
-0.813391
-0.806002
-0.802162
-0.802539
-0.799962
-0.792380
-0.786568
-0.785887
-0.784211
-0.776999
-0.769500
-0.767270
-0.766135
-0.759732
-0.751010
-0.746902
-0.745798
-0.740456
-0.731090
-0.724983
-0.723331
-0.719082
-0.709679
-0.701685
-0.698921
-0.695568
-0.686680
-0.677124
-0.672788
-0.669942
-0.661980
-0.651359
-0.645161
-0.642297
-0.635479
-0.624388
-0.616255
-0.612795
-0.607111
-0.596158
-0.586247
-0.581644
-0.576863
-0.566582
-0.555260
-0.549084
-0.544790
-0.535563
-0.523356
-0.515359
-0.511014
-0.503021
-0.490535
-0.480692
-0.475719
-0.468911
-0.456751
-0.445264
